0032578716202499
0042000875331405
0072115125881737
0219441477416694
0279996717503114
0295684289895435
0370069894629812
0380704809626081
0396999300521049
0413158868002451
0419418802201860
0436665588571194
0464913687715281
0477708362780296
0534642279724705
0538690639702185
0619315355409023
0686799377929396
0716396299119976
0764268649681637
0765411923261116
0822094906723371
0852288529921004
0896415507676173
0923564117305342
0927045409996320
1010088729775182
1021294747015445
1059228445695103
1064526301548327
1070488250044502
1214772720060830
1269379627210888
1333801665509072
1346088257411389
1396680786073517
1405000390060659
1440921379117353
1492663113817373
1522574801699252
1530646648008691
1546893177972015
1551404329708242
1644857430248469
1699555053332042
1754203047119694
1802517630157917
1937027094841521
1939653171629767
1975611917824395
2043298834461636
2187579622935816
2259519690396012
2272460180552813
2412857972736101
2430648951556863
2465879053536721
2469680649233152
2482703042353239
2505259139326537
2510115388462035
2537662093720363
2826163108561117
2849671492013727
2858734283282863
2873201087786665
2877635810674648
2926329074660750
2984522935374795
3025729380401045
3082204705565322
3189552410258757
3255686118339454
3359946348766760
3513553514161047
3571717352904678
3624739136561475
3624955525721317
3658893176300270
3689056322591158
3732506269788340
3745319691894778
3763744103114887
3770734054083309
3807865435422001
3811659258810009
3888998292510539
3935905315450614
3965572092011257
4013510935790566
4021856507976698
4070556635747856
4083672394533342
4111944394965609
4242138823812138
4243248604876367
4291794765563798
4304807036374150
4428443315299161
4439189814248695
4509444192408053
4603087887600121
4637928498573172
4664490373917134
4677082156350382
4693414401321902
4731305695789795
4831576666901464
5099368316955941
5144353272029054
5274101669244517
5322133063368629
5408348826855776
5453160802536213
5465488962605192
5489591163160988
5552712466514314
5593914316602968
5597929796078994
5608311823889077
5663277966604947
5666673770974903
5722247280888191
5750767328423242
5789992028103681
5805091090986519
5808975711477523
5815641574210990
5843984806095740
5953305476469280
5984465329085196
6060578378028844
6093979636888967
6116454704020142
6214524943687558
6292879030255117
6300218504010307
6324955642670938
6465837768091461
6682860550933586
6794233388822115
6814194486434768
6821539874999918
6906143719566120
6929443210199616
7007376880251956
7061425474210120
7089600093265509
7091165349192416
7103579003838830
7110722739737892
7145570331667178
7170219859688868
7170554368652542
7207119008370820
7214067359255088
7219281968449978
7253656506504495
7281370816004288
7355017505530724
7356270842232389
7359085036103370
7387751771935334
7452213394939057
7473114546240130
7561434821958218
7597532231988283
7631035744504985
7798652874295399
7831194814183471
7897302492222555
7919120249343611
8021302877969489
8122250290845809
8139981887448965
8199929254259306
8223455487053443
8234686150061308
8265807867277067
8276001643340644
8338136360892394
8355281099169641
8456170990186292
8460231590599098
8484423330989032
8506323719708630
8523861261521963
8541134355092110
8586917447505095
8621589743419650
8667370977422212
8695217476724522
8953024119907249
8959455843802836
9001885048626871
9048147088329511
9325355626561589
9335059747472432
9339917415240684
9359979357596208
9495410328994312
9513113425944627
9523660602305440
9541095031602208
9565262561015267
9593189823051169
9625074223554160
9665142326040254
9698596748751223
9711505858906433
9843070461968484
9857646079722062
9874318169278902
9980468433912902